201506011400
201506011500
201506011600
201506011700
201506011800
201506011900
201506012000
201506051500
201506051600
201506060700
201506060800
201506060900
201506061000
201506061100
201506061200
201506061300
201506061400
201506061500
201506061600
201506061700
201506061800
201506061900
201506062000
201506090900
201506091000
201506091100
201506091200
201506091300
201506091400
201506091500
201506091600
201506091700
201506091800
201506091900
201506092000
201506100100
201506100200
201506100300
201506100400
201506100500
201506100600
201506100700
201506100800
201506100900
201506101000
201506101100
201506101200
201506101300
201506101400
201506101500
201506101600
201506101700
201506101800
201506101900
201506102000
201506102100
201506102200
201506130700
201506130800
201506130900
201506131000
201506131100
201506131200
201506150400
201506150500
201506150600
201506150700
201506150800
201506150900
201506151000
201506151100
201506151200
201506151300
201506151400
201506151500
201506160700
201506160800
201506160900
201506161000
201506161100
201506161200
201506161300
201506250700
201506250800
201506250900
201506251000
201506251100
201506251200
201506251300
201506251400
201506251500
201506251600
201506251700
201506260400
201506260500
201506260600
201506260700
201506260800
201506260900
201506261000
201506261100
201506261200
201506261300
201506261400
201506261500
201506261600
201507040500
201507040600
201507040700
201507040800
201507040900
201507041000
201507041100
201507041200
201507041300
201507041400
201507041500
201507041600
201507041700
201507100900
201507101000
201507101100
201507101200
201507131100
201507131200
201507131300
201507131400
201507131500
201507131600
201507131700
201507131800
201507131900
201507132000
201507132100
201507132200
201507132300
201507140000
201507140100
201507140200
201507140300
201507140400
201507140500
201507140600
201507140700
201507140800
201507140900
201507141000
201507141100
201507141200
201507141300
201507141400
201507141500
201507141600
201507150600
201507150700
201507150800
201507150900
201507151000
201507151100
201507151200
201507151300
201507151400
201507151500
201507151600
201507170100
201507170200
201507170300
201507170400
201507170500
201507170600
201507170700
201507170800
201507170900
201507171000
201507171100
201507171200
201507171300
201507171400
201507171500
201507171600
201507171700
201507171800
201507171900
201507172000
201507172100
201507172200
201507172300
201507180000
201507180100
201507180200
201507180300
201507180400
201507180500
201507180600
201507180700
201507180800
201507180900
201507181000
201507181100
201507181200
201507181300
201507181400
201507181500
201507181600
201507181700
201507181800
201507181900
201507182000
201507182100
201507182200
201507190200
201507190300
201507190400
201507190500
201507190600
201507190700
201507190800
201507190900
201507191000
201507191100
201507191200
201507191300
201507191400
201507191500
201507191600
201507191700
201507191800
201507191900
201507200400
201507200500
201507200700
201507200800
201507200900
201507201000
201507201100
201507201200
201507201300
201507201400
201507201500
201507210200
201507210300
201507210600
201507210700
201507210800
201507210900
201507211000
201507211100
201507211200
201507211300
201507211400
201507211500
201507211600
201507211700
201507211800
201507211900
201507212000
201507212100
201507212200
201507212300
201507220000
201507220100
201507220200
201507220300
201507220400
201507220500
201507220600
201507220700
201507220800
201507220900
201507221000
201507221100
201507221200
201507221300
201507221400
201507221500
201507221600
201507230600
201507230700
201507230800
201507230900
201507231000
201507231100
201507231200
201507231300
201507231400
201507231500
201507240600
201507240700
201507240800
201507240900
201507241000
201507241100
201507241200
201507241300
201507241400
201507241500
201507241600
201507241700
201507250900
201507251000
201507251100
201507251200
201507251300
201507251400
201507251500
201507251600
201507251700
201507251800
201507251900
201507261200
201507261300
201507261400
201507261500
201507261600
201507261700
201507261800
201507261900
201507262000
201507262100
201507262200
201507262300
201507270000
201507270100
201507270200
201507270300
201507270400
201507270500
201507270600
201507270700
201507270800
201507270900
201507271000
201507271100
201507271200
201507271300
201507271400
201507271500
201507271600
201507271700
201507271800
201507271900
201507272000
201507272100
201507272200
201507272300
201507280000
201507280100
201507280200
201507281100
201507281200
201507281300
201507281400
201507281500
201507281600
201507281700
201507281800
201507281900
201507282000
201507282100
201507282200
201507282300
201507290000
201507290100
201507290200
201507290300
201507290400
201507290500
201507290600
201507290700
201507290800
201507290900
201507291000
201507291100
201507291200
201507291300
201507291400
201507291500
201507291600
201507291700
201507291800
201507291900
201507292000
201507292100
201507292200
201507292300
201507300000
201507300100
201507300200
201507300300
201507300400
201507300500
201507300600
201507300700
201507300800
201507300900
201507301000
201507301100
201507301200
201507301300
201507301400
201507301500
201507301600
201507301700
201507301800
201507301900
201507302000
201507302100
201507302200
201507311500
201507311600
201507311700
201507311800
201507311900
201507312000
201507312100
201508011400
201508011500
201508011600
201508011700
201508011800
201508011900
201508012000
201508012100
201508012200
201508012300
201508020000
201508020100
201508020200
201508020300
201508020400
201508020500
201508020600
201508020700
201508020800
201508020900
201508021000
201508021100
201508021200
201508021300
201508021400
201508021500
201508021600
201508021700
201508021800
201508021900
201508022000
201508022100
201508022200
201508022300
201508030000
201508030100
201508030200
201508030300
201508030400
201508030500
201508030600
201508030700
201508030800
201508030900
201508031000
201508031100
201508031200
201508031300
201508031400
201508031500
201508031600
201508031700
201508040800
201508040900
201508041000
201508041100
201508041200
201508041300
201508041400
201508041500
201508050800
201508050900
201508051000
201508051100
201508051200
201508051300
201508051400
201508051500
201508051600
201508051700
201508051800
201508051900
201508052000
201508052100
201508070300
201508070400
201508070500
201508070600
201508070700
201508070800
201508070900
201508071000
201508071100
201508071200
201508071300
201508071400
201508071500
201508071600
201508071700
201508071800
201508071900
201508072000
201508072100
201508170900
201508171000
201508171100
201508171200
201508171300
201508171400
201508171500
201508171600
201508171700
201508171800
201508171900
201508172000
201508172100
201508172200
201508172300
201508180000
201508180100
201508180200
201508180300
201508180400
201508180500
201508180600
201508180700
201508180800
201508180900
201508181000
201508181100
201508181200
201508181300
201508181400
201508181500
201508181600
201508181700
201508181800
201508181900
201508182000
201508182100
201508182200
201508182300
201508190000
201508190100
201508190200
201508190300
201508190400
201508190500
201508190600
201508190700
201508190800
201508190900
201508191000
201508191100
201508191200
201508191300
201508191400
201508191500
201508220600
201508220700
201508220800
201508220900
201508221000
201508221100
201508221200
201508221300
201508221400
201508221500
201508221600
201508221700
201508221800
201508221900
201508222000
201508230100
201508230200
201508230300
201508230400
201508230500
201508230600
201508230700
201508230800
201508230900
201508231000
201508231100
201508231200
201508231300
201508231400
201508231500
201508231600
201508231700
201508240600
201508240700
201508240800
201508240900
201508241000
201508241100
201508241200
201508241300
201508241400
201508241500
201508250300
201508250400
201508250500
201508250600
201508250700
201508250800
201508250900
201508251000
201508251100
201508251200
201508251300
201508251400
201508251500
201508251600
201508251700
201508251800
201508251900
201508252000
201508252100
201508252200
201508252300
201508260000
201508260100
201508260200
201508260300
201508260400
201508260500
201508260600
201508260700
201508260800
201508260900
201508261000
201508261100
201508261200
201508261300
201508261400
201508261500
201508261600
201508270300
201508270400
201508270500
201508270600
201508270700
201508270800
201508270900
201508271000
201508271100
201508271200
201508271300
201508271400
201508271500
201508280700
201508280800
201508280900
201508281000
201508281100
201508281200
201508281300
201508281400
201508281500
201508281600
201508281700
201508281800
201508290700
201508290800
201508290900
201508291000
201508291100
201508291200
201508291300
201508291400
201508291500
201508291600
201508292000
201508292100
201508292200
201508292300
201508300000
201508300100
201508300200
201508300300
201508300400
201508300500
201508300600
201508300700
201508300800
201508300900
201508301000
201508301100
201508301200
201508301300
201508301400
201508301500
201508301600
201508301700
201508301800
201508301900
201508302000
201508302100
201508302200
201508302300
201508310000
201508310100
201508310200
201508310300
201508310400
201508310500
201508310600
201508310700
201508310800
201508310900
201508311000
201508311100
201508311200
201508311300
201508311400
201508311500
201508311600
201508311700
201508311800
201508311900
201508312000
201508312100
201508312200
201508312300
201509010000
201509010100
201509010200
201509010300
201509010400
201509010500
201509010600
201509010700
201509010800
201509010900
201509011000
201509011100
201509011200
201509011300
201509011400
201509011500
201509011600
201509011700
201509051200
201509051300
201509171500
201509220900
201509221000
201509221100
201509221200
201509221300
201509221400
201509221500
201509221600
201509221700
201509221800
201509240800
201509240900
201509241000
201509241100
201509241200
201509241300
201509241400
201509241500
201509241600
201509241700
201509241800
201509241900
201509242000
201509242100
201509242200
201509242300
201509250000
201509250100
201509250200
201605111400
201606060700
201606060800
201606060900
201606061000
201606061100
201606061200
201606061300
201606061400
201606061500
201606090400
201606090500
201606090600
201606090700
201606090800
201606090900
201606091000
201606091100
201606091200
201606091300
201606091400
201606091500
201606091600
201606091700
201606091800
201606091900
201606092000
201606092100
201606092200
201606092300
201606100000
201606100100
201606100200
201606100300
201606100400
201606100500
201606100600
201606100700
201606100800
201606100900
201606101000
201606101100
201606101200
201606101300
201606101400
201606101500
201606101600
201606101700
201606101800
201606101900
201606102000
201606102100
201606102200
201606130100
201606130200
201606130300
201606130400
201606130500
201606130600
201606130700
201606130800
201606130900
201606131000
201606131100
201606131200
201606131300
201606131400
201606131500
201606131600
201606131700
201606131800
201606131900
201606132000
201606132100
201606132200
201606132300
201606140300
201606140400
201606140500
201606140600
201606140700
201606140800
201606140900
201606141000
201606141100
201606141200
201606141300
201606141400
201606141500
201606141600
201606141700
201606170900
201606171000
201606171100
201606171200
201606171300
201606171400
201606171500
201606171600
201606171700
201606171800
201606171900
201606172000
201606172100
201606172200
201606172300
201606180000
201606180100
201606180200
201606181000
201606181100
201606181200
201606181300
201606181400
201606181500
201606181600
201606191300
201606191400
201606191500
201606191600
201606191700
201606200400
201606200500
201606200600
201606200700
201606200800
201606200900
201606201000
201606201100
201606201200
201606201300
201606201400
201606201500
201606201600
201606201700
201606201800
201606210300
201606210400
201606210500
201606210700
201606210800
201606210900
201606211000
201606211100
201606211200
201606211300
201606211400
201606211500
201606211600
201606211700
201606211800
201606211900
201606212000
201606220700
201606220800
201606220900
201606221000
201606221100
201606221200
201606221300
201606221400
201606221500
201606221600
201606221700
201606221800
201606221900
201606222000
201606222100
201606222200
201606222300
201606230000
201606230100
201606230200
201606231300
201606231400
201606231500
201606231600
201606231700
201606231800
201606261800
201606261900
201606262000
201606262100
201606262200
201606262300
201606270000
201606270100
201606270200
201606270300
201606270400
201606270500
201606270600
201606270700
201606270800
201606270900
201606271000
201606271100
201606271200
201606271300
201606271400
201606271500
201606271600
201606271700
201606271800
201606271900
201606272000
201606272100
201606272200
201606272300
201606280000
201606280100
201606280200
201606280300
201606280400
201606280500
201606280600
201606280700
201606280800
201606280900
201606281000
201606281100
201606281200
201606281300
201606281400
201606281500
201606281600
201606281700
201606281800
201606281900
201606282000
201606282100
201606290200
201606290300
201606290400
201606290500
201606290600
201606290700
201606290800
201606290900
201606291000
201606291100
201606291200
201606291300
201606291400
201606291500
201606291600
201606291700
201606291800
201606291900
201606292000
201606292100
201606292200
201606292300
201606300000
201606300100
201606300200
201606300300
201606300400
201606300500
201606300600
201606300700
201606300800
201606300900
201606301000
201606301100
201606301200
201606301300
201606301400
201606301500
201606301600
201606301700
201606301800
201606301900
201606302000
201606302100
201606302200
201607022000
201607022100
201607022200
201607022300
201607030000
201607030100
201607030200
201607030300
201607030400
201607030500
201607030600
201607030700
201607030800
201607030900
201607031000
201607031100
201607031200
201607031300
201607031400
201607031500
201607222200
201607230100
201607230200
201607230300
201607230400
201607230500
201607230600
201607230700
201607230800
201607230900
201607231000
201607231100
201607231200
201607231300
201607231400
201607231500
201607231600
201607231700
201607240800
201607240900
201607241000
201607241100
201607241200
201607241300
201607241400
201607241500
201607241600
201607241700
201607241800
201607241900
201607242000
201607242100
201607242200
201607242300
201607250000
201607250100
201607250200
201607250300
201607250400
201607250500
201607250600
201607250700
201607250800
201607250900
201607251000
201607251100
201607251200
201607251300
201607251400
201607251500
201607251600
201607251700
201607251800
201607251900
201607252000
201607252100
201607270700
201607270800
201607270900
201607271000
201607271100
201607271200
201607271300
201607271400
201607271500
201607271600
201607271700
201607271800
201607271900
201607280700
201607280800
201607280900
201607281000
201607281100
201607281200
201607281300
201607281400
201607281500
201607281600
201607281700
201607281800
201607281900
201607282000
201607282100
201607282200
201607282300
201607290900
201607291000
201607291100
201607291200
201607291300
201607291400
201607291500
201607291600
201607291700
201607291800
201607291900
201607292000
201607292100
201607292200
201607292300
201607300000
201607300100
201607300200
201607300300
201607300400
201607300500
201607300600
201607300700
201607300800
201607300900
201607301000
201607301100
201607301200
201607301300
201607301400
201607301500
201607301600
201607301700
201607301800
201607301900
201607302000
201607302100
201607302200
201607302300
201607310000
201607310100
201607310200
201607310300
201607310400
201607310500
201607310600
201607310700
201607312100
201607312200
201607312300
201608010000
201608010100
201608010200
201608010300
201608010400
201608010500
201608010600
201608010700
201608010800
201608010900
201608011000
201608011100
201608011200
201608011300
201608011400
201608011500
201608060400
201608060500
201608060600
201608060700
201608060800
201608060900
201608061000
201608061100
201608061200
201608061300
201608061400
201608061500
201608061600
201608061700
201608061800
201608061900
201608062000
201608062100
201608062200
201608062300
201608070000
201608070100
201608070200
201608070300
201608110600
201608110700
201608110800
201608110900
201608111000
201608111100
201608111200
201608111300
201608111400
201608111500
201608111600
201608111700
201608111800
201608111900
201608112000
201608112100
201608112200
201608112300
201608120000
201608120100
201608120200
201608120300
201608120400
201608120500
201608120600
201608120700
201608120800
201608120900
201608121000
201608121100
201608121200
201608121300
201608121400
201608121500
201608121600
201608121700
201608121800
201608121900
201608122000
201608122100
201608122200
201608122300
201608130000
201608130100
201608130200
201608130300
201608130400
201608130500
201608130600
201608130700
201608130800
201608130900
201608131000
201608131100
201608131200
201608131300
201608131400
201608181800
201608181900
201608182000
201608182100
201608182200
201608182300
201608190000
201608190100
201608190200
201608241100
201608241200
201608241300
201608241400
201608241500
201608241600
201608241700
201608241800
201608241900
201608242000
201608270800
201608270900
201608271000
201608271100
201608271200
201608271300
201608271400
201609030700
201609030800
201609030900
201609031000
201609031100
201609031200
201609031300
201609031400
201609031500
201609031600
201609031700
201609031800
201609031900
201609032000
201609032100
201609032200
201609032300
201609040000
201609040100
201609040200
201609040300
201609040400
201609040500
201609040600
201609040700
201609040800
201609040900
201609041000
201609041100
201609041200
201609041300
201609041400
201609041500
201609041600
201609041700
201609041800
201609041900
201609042000
201609042100
201609042200
201609042300
201609050000
201609050100
201609050200
201609050300
201609060700
201609060800
201609060900
201609061000
201609061100
201609061200
201609061300
201609061400
201609070500
201609070600
201609070700
201609070800
201609070900
201609071000
201609071100
201609071200
201609071300
201609071400
201609071500
201609071600
201609071700
201609071800
201609100600
201609100700
201609100800
201609100900
201609101000
201609101100
201609101200
201609101300
201609101400
201609101500
201609101600
201609101700
201609101800
201609101900
201609102000
201609102100
201609102200
201609102300
201609110000
201609110100
201609110200
201609110300
201609110400
201609110500
201609110600
201609110700
201609110800
201609110900
201609111000
201609111100
201609111200
201609111300
201609111400
201609111500
201609111600
201609111700
201609111800
201609111900
201609120500
201609120600
201609120700
201609120800
201609120900
201609121000
201609121100
201609121200
201609121300
201609121400
201609121500
201609130900
201609131000
201609131100
201609131200
201609131300
201609160800
201609160900
201609161000
201609161100
201609161200
201609161300
201609161400
201609161500
201609161600
201609161700
201609161800
201609161900
201609301400
201609301500
201609301600
201609301700
201609301800
201609301900
201609302000
201609302100
201609302200
201609302300