201807020200
201807020300
201807020400
201807020500
201807020600
201807020700
201807021800
201807021900
201807022000
201807022100
201807022200
201807022300
201807030000
201807030100
201807030200
201807030300
201807030400
201807030500
201807030600
201807030700
201807030800
201807030900
201807031000
201807031100
201807031200
201807031300
201807031400
201807031500
201807031600
201807031700
201807031800
201807031900
201807032000
201807032100
201807032200
201807032300
201807040000
201807040100
201807040200
201807040300
201807040400
201807040500
201807040600
201807040700
201807040800
201807040900
201807041000
201807041100
201807041200
201807041300
201807041400
201807041500
201807041600
201807041700
201807041800
201807041900
201807042000
201807042100
201807042200
201807042300
201807050000
201807050100
201807050200
201807050300
201807050400
201807050500
201807050600
201807050700
201807050800
201807050900
201807051000
201807051100
201807051200
201807051300
201807051400
201807051500
201807051600
201807051700
201807051800
201807051900
201807052000
201807052100
201807052200
201807052300
201807060000
201807060100
201807060200
201807060300
201807060400
201807060500
201807060600
201807060700
201807060800
201807060900
201807061000
201807061100
201807061200
201807061300
201807061400
201807061500
201807061600
201807061700
201807061800
201807061900
201807062000
201807062100
201807062200
201807062300
201807070000
201807070100
201807070200
201807070300
201807070400
201807070500
201807070600
201807070700
201807070800
201807070900
201807071000
201807071100
201807071200
201807071300
201807071400
201807071500
201807071600
201807071700
201807071800
201807071900
201807072000
201807072100
201807072200
201807072300
201807080000
201807080100
201807080200
201807080300
201807080400
201807080500
201807080600
201807080700
201807080800
201807080900
201807081000
201807081100
201807081200
201807081300
201807081400
201807081500
201807081600
201807081700
201807081800
201807081900
201807082000
201807082100
201807082200
201807082300
201807090000
201807090100
201807090200
201807090300
201807090400
201807090500
201807090600
201807090700
201807090800
201807090900
201807091000
201807091100
201807091200
201807091300
201807091400
201807091500
201807091600
201807091700
201807091800
201807091900
201807092000
201807092100
201807092200
201807092300
201807100000
201807100100
201807100200
201807100300
201807100400
201807100500
201807100600
201807100700
201807100800
201807100900
201807101000
201807101100
201807101200
201807101300
201807101400
201807101500
201807101600
201807101700
201807101800
201807101900
201807102000
201807102100
201807102200
201807102300
201807110000
201807110100
201807110200
201807110300
201807110400
201807110500
201807110600
201807110700
201807110800
201807110900
201807111000
201807111100
201807111200
201807111300
201807111400
201807111500
201807111600
201807111700
201807111800
201807111900
201807112000
201807112100
201807112200
201807112300
201807120000
201807120100
201807120200
201807120300
201807120400
201807120500
201807120600
201807120700
201807120800
201807120900
201807121000
201807121100
201807121200
201807121300
201807121400
201807121500
201807121600
201807121700
201807121800
201807121900
201807122000
201807122100
201807122200
201807122300
201807130000
201807130100
201807130200
201807130300
201807130400
201807130500
201807130600
201807130700
201807130800
201807130900
201807131000
201807131100
201807131200
201807131300
201807131400
201807131500
201807131600
201807131700
201807131800
201807131900
201807132000
201807132100
201807132200
201807132300
201807140000
201807140100
201807140200
201807140300
201807140400
201807140500
201807140600
201807140700
201807140800
201807140900
201807141000
201807141100
201807141200
201807141300
201807141400
201807141500
201807141600
201807141700
201807141800
201807141900
201807142000
201807142100
201807142200
201807142300
201807150000
201807150100
201807150200
201807150300
201807150400
201807150500
201807150600
201807150700
201807150800
201807150900
201807151000
201807151100
201807151200
201807151300
201807151400
201807151500
201807151600
201807151700
201807151800
201807151900
201807152000
201807152100
201807152200
201807152300
201807160000
201807160100
201807160200
201807160300
201807160400
201807160500
201807160600
201807160700
201807160800
201807160900
201807161000
201807161100
201807161200
201807161300
201807161400
201807161500
201807161600
201807161700
201807161800
201807161900
201807162000
201807162100
201807162200
201807162300
201807170000
201807170100
201807170200
201807170300
201807170400
201807170500
201807170600
201807170700
201807170800
201807170900
201807171000
201807171100
201807171200
201807171300
201807171400
201807171500
201807171600
201807171700
201807171800
201807171900
201807172000
201807172100
201807172200
201807172300
201807180000
201807180100
201807180200
201807180300
201807180400
201807180500
201807180600
201807180700
201807180800
201807180900
201807181000
201807181100
201807181200
201807181300
201807181400
201807181500
201807181600
201807181700
201807181800
201807181900
201807182000
201807182100
201807182200
201807182300
201807190000
201807190100
201807190200
201807190300
201807190400
201807190500
201807190600
201807190700
201807190800
201807190900
201807191000
201807191100
201807191200
201807191300
201807191400
201807191500
201807191600
201807191700
201807191800
201807191900
201807200800
201807200900
201807201000
201807201100
201807201200
201807201300
201807201400
201807201500
201807201600
201807201700
201807201800
201807201900
201807202000
201807202100
201807202200
201807202300
201807210000
201807210100
201807210800
201807210900
201807211000
201807211100
201807211200
201807211300
201807212000
201807212100
201807212200
201807212300
201807220000
201807220100
201807220200
201807220300
201807220400
201807220500
201807220600
201807220700
201807220800
201807220900
201807221000
201807221100
201807221200
201807221300
201807221400
201807221500
201807221600
201807221700
201807221800
201807221900
201807222000
201807222100
201807222200
201807222300
201807230000
201807230100
201807230200
201807230300
201807230400
201807230500
201807230600
201807230700
201807230800
201807230900
201807231000
201807231100
201807231200
201807231300
201807231400
201807231500
201807231600
201807231700
201807231800
201807231900
201807232000
201807232100
201807232200
201807232300
201807240000
201807240100
201807240200
201807240300
201807240400
201807240500
201807240600
201807240700
201807240800
201807240900
201807241000
201807241100
201807241200
201807241300
201807241400
201807241500
201807241600
201807241700
201807241800
201807241900
201807242000
201807242100
201807242200
201807242300
201807250000
201807250100
201807250200
201807250300
201807250400
201807250500
201807250600
201807250700
201807250800
201807250900
201807251000
201807251100
201807251200
201807251300
201807251400
201807251500
201807251600
201807251700
201807251800
201807251900
201807252000
201807252100
201807252200
201807252300
201807260000
201807260100
201807260200
201807260300
201807260400
201807260500
201807260600
201807260700
201807260800
201807260900
201807261000
201807261100
201807261200
201807261300
201807261400
201807261500
201807261600
201807261700
201807261800
201807261900
201807262000
201807262100
201807262200
201807262300
201807270000
201807270100
201807270200
201807270300
201807270400
201807270500
201807270600
201807270700
201807270800
201807270900
201807271000
201807271100
201807271200
201807271300
201807271400
201807271500
201807271600
201807271700
201807271800
201807271900
201807272000
201807272100
201807272200
201807272300
201807280000
201807280100
201807280200
201807280300
201807280400
201807280500
201807280600
201807280700
201807280800
201807280900
201807281000
201807281100
201807281200
201807281300
201807281400
201807281500
201807281600
201807281700
201807281800
201807281900
201807282000
201807282100
201807282200
201807282300
201807290000
201807290100
201807290200
201807290300
201807290400
201807290500
201807290600
201807290700
201807290800
201807290900
201807291000
201807291100
201807291200
201807291300
201807291400
201807291500
201807291600
201807291700
201807291800
201807291900
201807292000
201807292100
201807292200
201807292300
201807300000
201807300100
201807300200
201807300300
201807300400
201807300500
201807300600
201807300700
201807300800
201807300900
201807301000
201807301100
201807301200
201807301300
201807301400
201807301500
201807301600
201807301700
201807301800
201807301900
201807302000
201807302100
201807302200
201807302300
201807310000
201807310100
201807310200
201807310300
201807310400
201807310500
201807310600
201807310700
201807310800
201807310900
201807311000
201807311100
201807311200
201807311300
201807311400
201807311500
201807311600
201807311700
201807311800
201807311900
201807312000
201807312100
201807312200
201807312300
201808010000
201808010100
201808010200
201808010300
201808010400
201808010500
201808010600
201808010700
201808010800
201808010900
201808011000
201808011100
201808011200
201808011300
201808011400
201808011500
201808011600
201808011700
201808011800
201808011900
201808012000
201808012100
201808012200
201808012300
201808020000
201808020100
201808020200
201808020300
201808020400
201808020500
201808020600
201808020700
201808020800
201808020900
201808021000
201808021100
201808021200
201808021300
201808021400
201808021500
201808021600
201808021700
201808021800
201808021900
201808022000
201808022100
201808022200
201808022300
201808030000
201808030100
201808030200
201808030300
201808030400
201808030500
201808030600
201808030700
201808030800
201808030900
201808031000
201808031100
201808031200
201808031300
201808031400
201808031500
201808031600
201808031700
201808031800
201808031900
201808032000
201808032100
201808032200
201808032300
201808040000
201808040100
201808040200
201808040300
201808040400
201808040500
201808040600
201808040700
201808040800
201808040900
201808041000
201808041100
201808041200
201808041300
201808041400
201808041500
201808041600
201808041700
201808041800
201808041900
201808042000
201808042100
201808042200
201808042300
201808050000
201808050100
201808050200
201808050300
201808050400
201808050500
201808050600
201808050700
201808050800
201808050900
201808051000
201808051100
201808051200
201808051300
201808051400
201808051500
201808051600
201808051700
201808051800
201808051900
201808052000
201808052100
201808052200
201808052300
201808060000
201808060100
201808060200
201808060300
201808060400
201808060500
201808060600
201808060700
201808060800
201808060900
201808061000
201808061100
201808061200
201808061300
201808061400
201808061500
201808061600
201808061700
201808061800
201808061900
201808062000
201808062100
201808062200
201808062300
201808070000
201808070100
201808070200
201808070300
201808070400
201808070500
201808070600
201808070700
201808070800
201808070900
201808071000
201808071100
201808071200
201808071300
201808071400
201808071500
201808071600
201808071700
201808071800
201808071900
201808072000
201808072100
201808072200
201808072300
201808080000
201808080100
201808080200
201808080300
201808080400
201808080500
201808080600
201808080700
201808080800
201808080900
201808081000
201808081100
201808081200
201808081300
201808081400
201808081500
201808081600
201808081700
201808081800
201808081900
201808082000
201808082100
201808082200
201808082300
201808090000
201808090100
201808090200
201808090300
201808090400
201808090500
201808090600
201808090700
201808090800
201808090900
201808091000
201808091100
201808091200
201808091300
201808091400
201808091500
201808091600
201808091700
201808091800
201808091900
201808092000
201808092100
201808092200
201808092300
201808100000
201808100100
201808100200
201808100300
201808100400
201808100500
201808100600
201808100700
201808100800
201808100900
201808101000
201808101100
201808101200
201808101300
201808101400
201808101500
201808101600
201808101700
201808101800
201808101900
201808102000
201808102100
201808102200
201808102300
201808110000
201808110100
201808110200
201808110300
201808110400
201808110500
201808110600
201808110700
201808110800
201808110900
201808111000
201808111100
201808111200
201808111300
201808111400
201808111500
201808111600
201808111700
201808111800
201808111900
201808112000
201808112100
201808112200
201808112300
201808120000
201808120100
201808120200
201808120300
201808120400
201808120500
201808120600
201808120700
201808120800
201808120900
201808121000
201808121100
201808121200
201808121300
201808121400
201808121500
201808121600
201808121700
201808121800
201808121900
201808122000
201808122100
201808122200
201808122300
201808130000
201808130100
201808130200
201808130300
201808130400
201808130500
201808130600
201808130700
201808130800
201808130900
201808131000
201808131100
201808131200
201808131300
201808131400
201808131500
201808131600
201808131700
201808131800
201808131900
201908200200
201908200300
201908200400
201908200500
201908200600
201908200700
201908200800
201908200900
201908201000
201908201100
201908201200
201908201300
201908201400
201908201500
201908201600
201908201700
201908201800
201908201900
201908202000
201908202100
201908202200
201908202300
201908210000
201908210100
201908210200
201908210300
201908210400
201908210500
201908210600
201908210700
201908210800
201908210900
201908211000
201908211100
201908211200
201908211300
201908211400
201908211500
201908211600
201908211700
201908211800
201908211900
201908212000
201908212100
201908212200
201908212300
201908220000
201908220100
201908220200
201908220300
201908220400
201908220500
201908220600
201908220700
201908220800
201908220900
201908221000
201908221100
201908221200
201908221300
201908221400
201908221500
201908221600
201908221700
201908221800
201908221900
201908222000
201908222100
201908222200
201908222300
201908230000
201908230100
201908230200
201908230300
201908230400
201908230500
201908230600
201908230700
201908230800
201908230900
201908231000
201908231100
201908231200
201908231300
201908231400
201908231500
201908231600
201908231700
201908231800
201908231900
201908232000
201908232100
201908232200
201908232300
201908240000
201908240100
201908240200
201908240300
201908240400
201908240500
201908240600
201908240700
201908240800
201908240900
201908241000
201908241100
201908241200
201908241300
201908241400
201908241500
201908241600
201908241700
201908241800
201908241900
201908242000
201908242100
201908242200
201908242300
201908250000
201908250100
201908250200
201908250300
201908250400
201908250500
201908250600
201908250700
201908250800
201908250900
201908251000
201908251100
201908251200
201908251300
201908251400
201908251500
201908251600
201908251700
201908251800
201908251900
201908252000
201908252100
201908252200
201908252300
201908260000
201908260100
201908260200
201908260300
201908260400
201908260500
201908260600
201908260700
201908260800
201908260900
201908261000
201908261100
201908261200
201908261300
201908261400
201908261500
201908261600
201908261700
201908261800
201908261900
201908262000
201908262100
201908262200
201908262300
201908270000
201908270100
201908270200
201908270300
201908270400
201908270500
201908270600
201908270700
201908270800
201908270900
201908271000
201908271100
201908271200
201908271300
201908271400
201908271500
201908271600
201908271700
201908271800
201908271900
201908272000
201908272100
201908272200
201908272300
201908280000
201908280100
201908280200
201908280300
201908280400
201908280500
201908280600
201908280700
201908280800
201908280900
201908281000
201908281100
201908281200
201908281300
201908281400
201908281500
201908281600
201908281700
201908281800
201908281900
201908282000
201908282100
201908282200
201908282300
201908290000
201908290100
201908290200
201908290300
201908290400
201908290500
201908290600
201908290700
201908290800
201908290900
201908291000
201908291100
201908291200
201908291300
201908291400
201908291500
201908291600
201908291700
201908291800
201908291900
201908292000
201908292100
201908292200
201908292300
201908300000
201908300100
201908300200
201908300300
201908300400
201908300500
201908300600
201908300700
201908300800
201908300900
201908301000
201908301100
201908301200
201908301300
201908301400
201908301500
201908301600
201908301700
201908301800
201908301900
201908302000
201908302100
201908302200
201908302300
201908310000
201908310100
201908310200
201908310300
201908310400
201908310500
201908310600
201908310700
201908310800
201908310900
201908311000
201908311100
201908311200
201908311300
201908311400
201908311500
201908311600
201908311700
201908311800
201908311900
201908312000
201908312100
201908312200
201908312300
201909010000
201909010100
201909010200
201909010300
201909010400
201909010500
201909010600
201909010700
201909010800
201909010900
201909011000
201909011100
201909011200
201909011300
201909011400
201909011500
201909011600
201909011700
201909011800
201909011900
201909012000
201909012100
201909012200
201909012300
201909020000
201909020100
201909020200
201909020300
201909020400
201909020500
201909020600
201909020700
201909020800
201909020900
201909021000
201909021100
201909021200
201909021300
201909021400
201909021500
201909021600
201909021700
201909021800
201909021900
201909022000
201909022100
201909022200
201909022300
201909030000
201909030100
201909030200
201909030300
201909030400
201909030500
201909030600
201909030700
201909030800
201909030900
201909031000
201909031100
201909031200
201909031300
201909031400
201909031500
201909031600
201909031700
201909031800
201909031900
201909032000
201909032100
201909032200
201909032300
201909040000
201909040100
201909040200
201909040300
201909040400
201909040500
201909040600
201909040700
201909040800
201909040900
201909041000
201909041100
201909041200
201909041300
201909041400
201909041500
201909041600
201909041700
201909041800
201909041900
201909042000
201909042100
201909042200
201909042300
201909050000
201909050100
201909050200
201909050300
201909050400
201909050500
201909050600
201909050700
201909050800
201909050900
201909051000
201909051100
201909051200
201909051300
201909051400
201909051500
201909051600
201909051700
201909051800
201909051900
201909052000
201909052100
201909052200
201909052300
201909060000
201909060100
201909060200
201909060300
201909060400
201909060500
201909060600
201909060700
201909060800
201909060900
201909061000
201909061100
201909061200
201909061300
201909061400
201909061500
201909061600
201909061700
201909061800
201909061900
201909062000
201909062100
201909062200
201909062300
201909070000
201909070100
201909070200
201909070300
201909070400
201909070500
201909070600
201909070700
201909070800
201909070900
201909071000
201909071100
201909071200
201909071300
201909071400
201909071500
201909071600
201909071700
201909071800
201909071900
201909072000
201909072100
201909072200
201909072300
201909080000
201909080100
201909080200
201909080300
201909080400
201909080500
201909080600
201909080700
201909080800
201909080900
201909081000
201909081100
201909081200
201909081300
201909081400
201909081500
201909081600
201909081700
201909081800
201909081900
201909082000
201909082100
201909082200
201909082300
201909090000
201909090100
201909090200
201909090300
201909090400
201909090500
201909090600
201909090700
201909090800
201909090900
201909091000
201909091100
201909091200
201909091300
201909091400
201909091500
201909091600
201909091700
201909091800
201909091900
201909092000
201909092100
201909092200
201909092300
201909100000
201909100100
201909100200
201909100300
201909100400
201909100500
201909100600
201909100700
201909100800
201909100900
201909101000
201909101100
201909101200
201909101300
201909101400
201909101500
201909101600
201909101700
201909101800
201909101900
201909102000
201909102100
201909102200
201909102300
201909110000
201909110100
201909110200
201909110300
201909110400
201909110500
201909110600
201909110700
201909110800
201909110900
201909111000
201909111100
201909111200
201909111300
201909111400
201909111500
201909111600
201909111700
201909111800
201909111900
201909112000
201909112100
201909112200
201909112300
201909120000
201909120100
201909120200
201909120300
201909120400
201909120500
201909120600
201909120700
201909120800
201909120900
201909121000
201909121100
201909121200
201909121300
201909121400
201909121500
201909121600
201909121700
201909121800
201909121900
201909122000
201909122100
201909122200
201909122300
201909130000
201909130100
201909130200
201909130300
201909130400
201909130500
201909130600
201909130700
201909130800
201909130900
201909131000
201909131100
201909131200
201909131300
201909131400
201909131500
201909131600
201909131700
201909131800
201909131900
201909132000
201909132100
201909132200
201909132300
201909140000
201909140100
201909140200
201909140300
201909140400
201909140500
201909140600
201909140700
201909140800
201909140900
201909141000
201909141100
201909141200
201909141300
201909141400
201909141500
201909141600
201909141700
201909141800
201909141900
201909142000
201909142100
201909142200
201909142300
201909150000
201909150100
201909150200
201909150300
201909150400
201909150500
201909150600
201909150700
201909150800
201909150900
201909151000
201909151100
201909151200
201909151300
201909151400
201909151500
201909151600
201909151700
201909151800
201909151900
201909152000
201909152100
201909152200
201909152300
201909160000
201909160100
201909160200
201909160300
201909160400
201909160500
201909160600
201909160700
201909160800
201909160900
201909161000
201909161100
201909161200
201909161300
201909161400
201909161500
201909161600
201909161700
201909161800
201909161900
201909162000
201909162100
201909162200
201909162300
201909170000
201909170100
201909170200
201909170300
201909170400
201909170500
201909170600
201909170700
201909170800
201909170900
201909171000
201909171100
201909171200
201909171300
201909171400
201909171500
201909171600
201909171700
201909171800
201909171900
201909172000
201909172100
201909172200
201909172300
201909180000
201909180100
201909180200
201909180300
201909180400
201909180500
201909180600
201909180700
201909180800
201909180900
201909181000
201909181100
201909181200
201909181300
201909181400
201909181500
201909181600
201909181700
201909181800
201909181900
201909182000
201909182100
201909182200
201909182300
201909190000
201909190100
201909190200
201909190300
201909190400
201909190500
201909190600
201909190700
201909190800
201909190900
201909191000
201909191100
201909191200
201909191300
201909191400
201909191500
201909191600
201909191700
201909191800
201909191900
201909192000
201909192100
201909192200
201909192300
201909200000
201909200100
201909200200
201909200300
201909200400
201909200500
201909200600
201909200700
201909200800
201909200900
201909201000
201909201100
201909201200
201909201300
201909201400
201909201500
201909201600
201909201700
201909201800
201909201900
201909202000
201909202100
201909202200
201909202300
201909210000
201909210100
201909210200
201909210300
201909210400
201909210500
201909210600
201909210700
201909210800
201909210900
201909211000
201909211100
201909211200
201909211300
201909211400
201909211500
201909211600
201909211700
201909211800
201909211900
201909212000
201909212100
201909212200
201909212300
201909220000
201909220100
201909220200
201909220300
201909220400
201909220500
201909220600
201909220700
201909220800
201909220900
201909221000
201909221100
201909221200
201909221300
201909221400
201909221500
201909221600
201909221700
201909221800
201909221900
201909222000
201909222100
201909222200
201909222300
201909230000
201909230100
201909230200
201909230300
201909230400
201909230500
201909230600
201909230700
201909230800
201909230900
201909231000
201909231100
201909231200
201909231300
201909231400
201909231500
201909231600
201909231700
201909231800
201909231900
201909232000
201909232100
201909232200
201909232300
201909240000
201909240100
201909240200
201909240300
201909240400
201909240500
201909240600
201909240700
201909240800
201909240900
201909241000
201909241100
201909241200
201909241300
201909241400
201909241500
201909241600
201909241700
201909241800
201909241900
201909242000
201909242100
201909242200
201909242300
201909250000
201909250100
201909250200
201909250300
201909250400
201909250500
201909250600
201909250700
201909250800
201909250900
201909251000
201909251100
201909251200
201909251300
201909251400
201909251500
201909251600
201909251700
201909251800
201909251900
201909252000
201909252100
201909252200
201909252300
201909260000
201909260100
201909260200
201909260300
201909260400
201909260500
201909260600
201909260700
201909260800
201909260900
201909261000
201909261100
201909261200
201909261300
201909261400
201909261500
201909261600
201909261700
201909261800
201909261900
201909262000
201909262100
201909262200
201909262300
201909270000
201909270100
201909270200
201909270300
201909270400
201909270500
201909270600
201909270700
201909270800
201909270900
201909271000
201909271100
201909271200
201909271300
201909271400
201909271500
201909271600
201909271700
201909271800
201909271900
201909272000
201909272100
201909272200
201909272300
201909280000
201909280100
201909280200
201909280300
201909280400
201909280500
201909280600
201909280700
201909280800
201909280900
201909281000
201909281100
201909281200
201909281300
201909281400
201909281500
201909281600
201909281700
201909281800
201909281900
201909282000
201909282100
201909282200
201909282300
201909290000
201909290100
201909290200
201909290300
201909290400
201909290500
201909290600
201909290700
201909290800
201909290900
201909291000
201909291100
201909291200
201909291300
201909291400
201909291500
201909291600
201909291700
201909291800
201909291900
201909292000
201909292100
201909292200
201909292300
201909300000
201909300100
201909300200
201909300300
201909300400
201909300500
201909300600
201909300700
201909300800
201909300900
201909301000
201909301100
201909301200
201909301300
202004230200
202004230300
202004230400
202004230500
202004230600
202004230700
202004230800
202004230900
202004231000
202004231100
202004231200
202004231300
202004231400
202004231500
202004231600
202004231700
202004231800
202004231900
202004232000
202004232100
202004232200
202004232300
202004240000
202004240100
202004240200
202004240300
202004240400
202004240500
202004240600
202004240700
202004240800
202004240900
202004241000
202004241100
202004241200
202004241300
202004241400
202004241500
202004241600
202004241700
202004241800
202004241900
202004242000
202004242100
202004242200
202004242300
202004250000
202004250100
202004250200
202004250300
202004250400
202004250500
202004250600
202004250700
202004250800
202004250900
202004251000
202004251100
202004251200
202004251300
202004251400
202004251500
202004251600
202004251700
202004251800
202004251900
202004252000
202004252100
202004252200
202004252300
202004260000
202004260100
202004260200
202004260300
202004260400
202004260500
202004260600
202004260700
202004260800
202004260900
202004261000
202004261100
202004261200
202004261300
202004261400
202004261500
202004261600
202004261700
202004261800
202004261900
202004262000
202004262100
202004262200
202004262300
202004270000
202004270100
202004270200
202004270300
202004270400
202004270500
202004270600
202004270700
202004270800
202004270900
202004271000
202004271100
202004271200
202004271300
202004271400
202004271500
202004271600
202004271700
202004271800
202004271900
202004272000
202004272100
202004272200
202004272300
202004280000
202004280100
202004280200
202004280300
202004280400
202004280500
202004280600
202004280700
202004280800
202004280900
202004281000
202004281100
202004281200
202004281300
202004281400
202004281500
202004281600
202004281700
202004281800
202004281900
202004282000
202004282100
202004282200
202004282300
202004290000
202004290100
202004290200
202004290300
202004290400
202004290500
202004290600
202004290700
202004290800
202004290900
202004291000
202004291100
202004291200
202004291300
202004291400
202004291500
202004291600
202004291700
202004291800
202004291900
202004292000
202004292100
202004292200
202004292300
202004300000
202004300100
202004300200
202004300300
202004300400
202004300500
202004300600
202004300700
202004300800
202004300900
202004301000
202004301100
202004301200
202004301300
202004301400
202004301500
202004301600
202004301700
202004301800
202004301900
202004302000
202004302100
202004302200
202004302300
202005010000
202005010100
202005010200
202005010300
202005010400
202005010500
202005010600
202005010700
202005010800
202005010900
202005070300
202005070400
202005070500
202005070600
202005070700
202005070800
202005070900
202005071000
202005071100
202005071200
202005071300
202005071400
202005071500
202005071600
202005071700
202005071800
202005071900
202005072000
202005072100
202005072200
202005072300
202005080000
202005080100
202005080200
202005080300
202005080400
202005080500
202005080600
202005080700
202005080800
202005080900
202005081000
202005081100
202005081200
202005081300
202005081400
202005081500
202005081600
202005081700
202005081800
202005081900
202005082000
202005082100
202005082200
202005082300
202005090000
202005090100
202005090200
202005090300
202005090400
202005090500
202005090600
202005090700
202005090800
202005090900
202005091000
202005091100
202005091200
202005091300
202005091400
202005091500
202005091600
202005091700
202005091800
202005091900
202005092000
202005092100
202005092200
202005092300
202005100000
202005100100
202005100200
202005100300
202005100400
202005100500
202005100600
202005100700
202005100800
202005100900
202005101000
202005101100
202005101200
202005101300
202005101400
202005101500
202005101600
202005101700
202005101800
202005101900
202005102000
202005102100
202005102200
202005102300
202005110000
202005110100
202005110200
202005110300
202005110400
202005110500
202005110600
202005110700
202005110800
202005110900
202005111000
202005111100
202005111200
202005111300
202005111400
202005111500
202005111600
202005111700
202005111800
202005111900
202005112000
202005112100
202005112200
202005112300
202005120000
202005120100
202005120200
202005120300
202005120400
202005120500
202005120600
202005120700
202005120800
202005120900
202005121000
202005121100
202005130100
202005130200
202005130300
202005130400
202005130500
202005130600
202005130700
202005130800
202005130900
202005131000
202005131100
202005131200
202005131300
202005131400
202005131500
202005131600
202005131700
202005132100
202005132200
202005132300
202005140000
202005140100
202005140200
202005140300
202005140400
202005140500
202005140600
202005140700
202005140800
202005140900
202005141000
202005141100
202005141200
202005141300
202005141400
202005141500
202005141600
202005141700
202005141800
202005141900
202005142000
202005142100
202005142200
202005142300
202005150000
202005150100
202005150200
202005150300
202005150400
202005150500
202005150600
202005150700
202005150800
202005150900
202005151000
202005151100
202005151200
202005151300
202005151400
202005151500
202005151600
202005151700
202005151800
202005151900
202005152000
202005152100
202005152200
202005152300
202005160000
202005160100
202005160200
202005160300
202005160400
202005170000
202005170100
202005170200
202005170300
202005170400
202005170500
202005170600
202005170700
202005170800
202005170900
202005171000
202005171100
202005171200
202005171300
202005180800
202005180900
202005181000
202005181100
202005181200
202005181300
202005181400
202005181500
202005181600
202005181700
202005181800
202005181900
202005182000
202005182100
202005182200
202005182300
202005190000
202005190100
202005190200
202005191300
202005191400
202005191500
202005191600
202005191700
202005191800
202005191900
202005192000
202005192100
202005192200
202005192300
202005200000
202005200100
202005200200
202005200300
202005200400
202005200500
202005200600
202005200700
202005200800
202005200900
202005201000
202005201100
202005201200
202005201300
202005201400
202005201500
202005201600
202005201700
202005201800
202005201900
202005202000
202005202100
202005202200
202005202300
202005210000
202005210100
202005210200
202005210300
202005210400
202005210500
202005210600
202005210700
202005210800
202005210900
202005211000
202005211100
202005211200
202005211300
202005211400
202005211500
202005211600
202005211700
202005211800
202005211900
202005212000
202005212100
202005212200
202005212300
202005220000
202005220100
202005220200
202005220300
202005220400
202005220500
202005220600
202005220700
202005220800
202005220900
202005221000
202005221100
202005221200
202005221300
202005221400
202005221500
202005221600
202005221700
202005221800
202005221900
202005222000
202005222100
202005222200
202005222300
202005230000
202005230100
202005230200
202005230300
202005230400
202005230500
202005230600
202005230700
202005230800
202005230900
202005231000
202005231100
202005231200
202005231300
202005231400
202005231500
202005231600
202005231700
202005231800
202005231900
202005232000
202005232100
202005232200
202005232300
202005240000
202005240100
202005240200
202005240300
202005240400
202005240500
202005240600
202005240700
202005240800
202005240900
202005241000
202005241100
202005241200
202005241300
202005241400
202005241500
202005241600
202005241700
202005241800
202005241900
202005242000
202005242100
202005242200
202005242300
202005250000
202005250100
202005250200
202005250300
202005250400
202005250500
202005250600
202005250700
202005250800
202005250900
202005251000
202005251100
202005251200
202005251300
202005251400
202005251500
202005251600
202005251700
202005251800
202005251900
202005252000
202005261500
202005261600
202005261700
202005261800
202005261900
202005262000
202005262100
202005262200
202005262300
202005270000
202005270100
202005270200
202005270300
202005270400
202005270500
202005270600
202005270700
202005270800
202005270900
202005271000
202005271100
202005271200
202005271300
202005271400
202005271500
202005271600
202005271700
202005271800
202005271900
202006042000
202006042100
202006042200
202006042300
202006050000
202006050100
202006050200
202006050300
202006050400
202006050500
202006050600
202006050700
202006050800
202006050900
202006051000
202006051100
202006051200
202006051300
202006051400
202006051500
202006051600
202006051700
202006051800
202006051900
202006052000
202006052100
202006082000
202006082100
202006082200
202006082300
202006090000
202006090100
202006090200
202006090300
202006090400
202006090500
202006090600
202006090700
202006090800
202006090900
202006091000
202006091100
202006091200
202006091300
202006091400
202006091500
202006091600
202006091700
202006091800
202006091900
202006092000
202006092100
202006092200
202006092300
202006100000
202006100100
202006100200
202006100300
202006100400
202006100500
202006100600
202006100700
202006100800
202006100900
202006101000
202006101100
202006101200
202006101300
202006101400
202006101500
202006101600
202006101700
202006101800
202006101900
202006102000
202006102100
202006102200
202006102300
202006110000
202006110100
202006110200
202006110300
202006110400
202006110500
202006110600
202006110700
202006110800
202006110900
202006111000
202006111100
202006111200
202006111300
202006111400
202006111500
202006111600
202006111700
202006111800
202006111900
202006112000
202006112100
202006112200
202006112300
202006120000
202006120100
202006120200
202006120300
202006120400
202006120500
202006120600
202006120700
202006120800
202006120900
202006121000
202006121100
202006121200
202006121300
202006121400
202006121500
202006121600
202006121700
202006121800
202006121900
202006122000
202006122100
202006122200
202006122300
202006130000
202006130100
202006130200
202006130300
202006130400
202006130500
202006130600
202006130700
202006130800
202006130900
202006131000
202006131100
202006131200
202006131300
202006131400
202006131500
202006131600
202006131700
202006131800
202006131900
202006132000
202006132100
202006132200
202006132300
202006140000
202006140100
202006140200
202006140300
202006140400
202006140500
202006140600
202006140700
202006140800
202006140900
202006141000
202006141100
202006141200
202006141300
202006141400
202006141500
202006141600
202006141700
202006141800
202006141900
202006142000
202006142100
202006142200
202006142300
202006150000
202006150100
202006150200
202006150300
202006150400
202006150500
202006150600
202006150700
202006150800
202006150900
202006151000
202006151100
202006151200
202006151300
202006151400
202006151500
202006151600
202006151700
202006151800
202006151900
202006152000
202006152100
202006152200
202006152300
202006160000
202006160100
202006160200
202006160300
202006160400
202006160500
202006160600
202006160700
202006160800
202006160900
202006161000
202006161100
202006161200
202006161300
202006161400
202006161500
202006161600
202006161700
202006161800
202006161900
202006162000
202006162100
202006162200
202006162300
202006170000
202006170100
202006170200
202006170300
202006170400
202006170500
202006170600
202006170700
202006170800
202006170900
202006171000
202006171100
202006171200
202006171300
202006171400
202006171500
202006171600
202006171700
202006171800
202006171900
202006172000
202006172100
202006172200
202006172300
202006180000
202006180100
202006180200
202006180300
202006180400
202006180500
202006180600
202006180700
202006180800
202006180900
202006181000
202006181100
202006181200
202006181300
202006181400
202006181500
202006181600
202006181700
202006181800
202006181900
202006182000
202006182100
202006182200
202006182300
202006190000
202006190100
202006190200
202006190300
202006190400
202006190500
202006190600
202006190700
202006190800
202006190900
202006191000
202006191100
202006191200
202006191300
202006191400
202006191500
202006191600
202006191700
202006200800
202006200900
202006201000
202006201100
202006201200
202006201300
202006201400
202006201500
202006201600
202006201700
202006201800
202006201900
202006202000
202006202100
202006202200
202006202300
202006210000
202006210100
202006210200
202006210300
202006210400
202006210500
202006210600
202006210700
202006210800
202006210900
202006211000
202006211100
202006211200
202006211300
202006211400
202006211500
202006211600
202006211700
202006211800
202006211900
202006212000
202006212100
202006212200
202006251100
202006251200
202006251300
202006251400
202006251500
202006251600
202006251700
202006251800
202006251900
202006252000
202006252100
202006252200
202006252300
202006260000
202006260100
202006260200
202006260300
202006260400
202006260500
202006260600
202006260700
202006260800
202006260900
202006261000
202006261100
202006261200
202006261300
202006261400
202006261500
202006261600
202006261700
202006261800
202006261900
202006262000
202006262100
202006262200
202006262300
202006270000
202006271100
202006271200
202006271300
202006271400
202006271500
202006271600
202006271700
202006271800
202006271900
202006272000
202006272100
202006272200
202006272300
202006280000
202006280100
202006280200
202006280300
202006280400
202006280500
202006280600
202006280700
202006280800
202006280900
202006281000
202006281100
202006281200
202006281300
202006281400
202006281500
202006281600
202006281700
202006281800
202006281900
202006282000
202006282100
202006282200
202006282300
202006290000
202006290100
202006290200
202006290300
202006290400
202006290500
202006290600
202006290700
202006290800
202006290900
202006291000
202006291100
202006291200
202006291300
202006291400
202006291500
202006291600
202006291700
202006291800
202006291900
202006292000
202006292100
202006292200
202006292300
202006300000
202006300100
202006300200
202006300300
202006300400
202006300500
202006300600
202006300700
202006300800
202006300900
202006301000
202006301100
202006301200
202006301300
202006301400
202006301500
202006301600
202006301700
202006301800
202006301900
202006302000
202006302100
202006302200
202006302300
202007010000
202007010100
202007010200
202007010300
202007010400
202007010500
202007010600
202007010700
202007010800
202007010900
202007011000
202007011100
202007011200
202007011300
202007011400
202007011500
202007011600
202007011700
202007011800
202007011900
202007012000
202007012100
202007012200
202007012300
202007020000
202007020100
202007030300
202007030400
202007030500
202007030600
202007030700
202007030800
202007030900
202007031000
202007031100
202007031200
202007031300
202007031400
202007031500
202007031600
202007031700
202007031800
202007031900
202007032000
202007032100
202007032200
202007032300
202007040000
202007040100
202007040200
202007040300
202007040400
202007040500
202007040600
202007040700
202007040800
202007040900
202007041000
202007041100
202007041200
202007041300
202007041400
202007041500
202007041600
202007041700
202007041800
202007041900
202007042000
202007042100
202007042200
202007042300
202007050000
202007050100
202007050200
202007050300
202007050400
202007050500
202007050600
202007050700
202007050800
202007050900
202007051000
202007051100
202007051200
202007051300
202007051400
202007051500
202007051600
202007051700
202007051800
202007051900
202007052000
202007052100
202007052200
202007052300
202007060000
202007060100
202007060200
202007060300
202007060400
202007060500
202007060600
202007060700
202007060800
202007060900
202007061000
202007061100
202007061200
202007061300
202007061400
202007061500
202007061600
202007061700
202007061800
202007061900
202007062000
202007062100
202007062200
202007062300
202007070000
202007070100
202007070200
202007070300
202007070400
202007070500
202007070600
202007070700
202007070800
202007070900
202007071000
202007071100
202007071200
202007071300
202007071400
202007071500
202007071600
202007071700
202007071800
202007071900
202007072000
202007072100
202007072200
202007072300
202007080000
202007080100
202007080200
202007080300
202007080400
202007080500
202007080600
202007080700
202007080800
202007080900
202007081000
202007081100
202007081200
202007081300
202007081400
202007081500
202007081600
202007081700
202007081800
202007081900
202007082000
202007082100
202007082200
202007082300
202007090000
202007090100
202007090200
202007090300
202007090400
202007090500
202007090600
202007090700
202007090800
202007090900
202007091000
202007091100
202007091200
202007091300
202007091400
202007091500
202007091600
202007091700
202007091800
202007091900
202007092000
202007092100
202007092200
202007092300
202007100000
202007100100
202007100200
202007100300
202007100400
202007100500
202007100600
202007100700
202007100800
202007100900
202007101000
202007101100
202007101200
202007101300
202007101400
202007101500
202007101600
202007101700
202007101800
202007101900
202007102000
202007102100
202007102200
202007102300
202007110000
202007110100
202007110200
202007110300
202007110400
202007110500
202007110600
202007110700
202007110800
202007110900
202007111000
202007111100
202007111200
202007111300
202007111400
202007111500
202007121000
202007121100
202007121200
202007121300
202007121400
202007121500
202007121600
202007121700
202007121800
202007121900
202007122000
202007122100
202007122200
202007122300
202007130000
202007130100
202007130200
202007130300
202007130400
202007130500
202007130600
202007130700
202007130800
202007130900
202007131000
202007131100
202007131200
202007131300
202007131400
202007131500
202007131600
202007131700
202007131800
202007131900
202007132000
202007132100
202007132200
202007132300
202007140000
202007140100
202007140200
202007140300
202007140400
202007140500
202007140600
202007140700
202007140800
202007140900
202007141000
202007141100
202007141200
202007141300
202007141400
202007141500
202007141600
202007141700
202007141800
202007141900
202007142000
202007142100
202007142200
202007142300
202007150000
202007150100
202007150200
202007150300
202007150400
202007150500
202007150600
202007150700
202007150800
202007150900
202007151000
202007151100
202007151200
202007151300
202007151400
202007151500
202007151600
202007151700
202007151800
202007151900
202007152000
202007152100
202007152200
202007152300
202007160000
202007160100
202007160200
202007160300
202007160400
202007160500
202007160600
202007160700
202007160800
202007160900
202007161000
202007161100
202007161200
202007161300
202007161400
202007161500
202007161600
202007161700
202007161800
202007161900
202007162000
202007162100
202007162200
202007162300
202007170000
202007170100
202007170200
202007170300
202007170400
202007170500
202007170600
202007170700
202007170800
202007170900
202007171000
202007180000
202007180100
202007180200
202007180300
202007180400
202007180500
202007180600
202007180700
202007180800
202007180900
202007181000
202007181100
202007181200
202007181300
202007181400
202007181500
202007181600
202007181700
202007181800
202007181900
202007182000
202007182100
202007182200
202007182300
202007190000
202007190100
202007190200
202007190300
202007190400
202007190500
202007190600
202007190700
202007190800
202007190900
202007191000
202007191100
202007191200
202007191300
202007191400
202007191500
202007191600
202007191700
202007191800
202007191900
202007192000
202007192100
202007192200
202007192300
202007200000
202007200100
202007200200
202007200300
202007200400
202007200500
202007200600
202007200700
202007200800
202007200900
202007201000
202007201100
202007201200
202007201300
202007201400
202007251500
202007251600
202007251700
202007251800
202007251900
202007252000
202007252100
202007252200
202007252300
202007260000
202007260100
202007260200
202007260300
202007260400
202007260500
202007260600
202007260700
202007260800
202007260900
202007261000
202007261100
202007261200
202007261300
202007261400
202007261500
202007261600
202007261700
202007261800
202007261900
202007262000
202007262100
202007262200
202007262300
202007270000
202007270100
202007270200
202007270300
202007270400
202007270500
202007270600
202007270700
202007270800
202007270900
202007271000
202007271100
202007271200
202007271300
202007271400
202007271500
202007271600
202007271700
202007271800
202007271900
202007272000
202007272100
202007272200
202007272300
202007280000
202007280100
202007280200
202007280300
202007280400
202007280500
202007280600
202007280700
202007280800
202007280900
202007281000
202007281100
202007281200
202007281300
202007281400
202007281500
202007281600
202007281700
202007281800
202007281900
202007282000
202007282100
202007282200
202007282300
202007290000
202007290100
202007290200
202007290300
202007290400
202007290500
202007290600
202007290700
202007290800
202007290900
202007291000
202007291100
202007291200
202007291300
202007291400
202007291500
202007291600
202007291700
202007291800
202007291900
202007292000
202007292100
202007292200
202007292300
202007300000
202007300100
202007300200
202007300300
202007300400
202007300500
202007300600
202007300700
202007300800
202007300900
202007301000
202007301100
202007301200
202007301300
202007301400
202007301500
202007301600
202007301700
202007301800
202007301900
202007302000
202007302100
202007302200
202007302300
202007310000
202007310100
202007310200
202007310300
202007310400
202007310500
202007310600
202007310700
202007310800
202007310900
202007311000
202007311100
202007311200
202007311300
202007311400
202007311500
202007311600
202007311700
202007311800
202007311900
202007312000
202007312100
202007312200
202007312300
202008010000
202008010100
202008010200
202008010300
202008010400
202008010500
202008010600
202008010700
202008010800
202008010900
202008011000
202008011100
202008011200
202008011300
202008011400
202008011500
202008011600
202008011700
202008011800
202008011900
202008012000
202008012100
202008012200
202008012300
202008020000
202008020100
202008020200
202008020300
202008020400
202008020500
202008020600
202008020700
202008020800
202008020900
202008021000
202008021100
202008021200
202008021300
202008021400
202008021500
202008021600
202008021700
202008021800
202008021900
202008022000
202008022100
202008022200
202008022300
202008030000
202008030100
202008030200
202008030300
202008030400
202008030500
202008030600
202008030700
202008030800
202008030900
202008031000
202008031100
202008031200
202008031300