202005131800
202005131900
202005132000
202005190300
202005190400
202005190500
202005190600
202005190700
202005190800
202005190900
202005191000
202005191100
202005191200
202005252100
202005252200
202005252300
202005260000
202005260100
202005260200
202005260300
202005260400
202005260500
202005260600
202005260700
202005260800
202005260900
202005261000
202005261100
202005261200
202005261300
202005261400
202006270100
202006270200
202006270300
202006270400
202006270500
202006270600
202006270700
202006270800
202006270900
202006271000
202007171100
202007171200
202007171300
202007171400
202007171500
202007171600
202007171700
202007171800
202007171900
202007172000
202007172100
202007172200
202007172300
202008290900
202008291000
202008291100
202008291200
202008291300
202008291400
202008291500
202008291600
202008291700
202008291800
202008291900
202008292000
202008292100
201807020800
201807020900
201807021000
201807021100
201807021200
201807021300
201807021400
201807021500
201807021600
201807021700
201807192000
201807192100
201807192200
201807192300
201807200000
201807200100
201807200200
201807200300
201807200400
201807200500
201807200600
201807200700
202005121200
202005121300
202005121400
202005121500
202005121600
202005121700
202005121800
202005121900
202005122000
202005122100
202005122200
202005122300
202005130000